1990-01-01 12.3 55 0
1990-01-02 14.1 60 1.2
1990-01-03 11.8 58 0
1990-02-10 8.4 72 5.1
1990-02-11 9.7 69 2.0
1990-02-12 7.6 74 0
1990-03-01 15.3 48 0
1990-03-02 16.8 50 0.4
1990-03-03 18.2 52 0
1990-04-01 21.5 45 0
1990-04-02 22.1 47 0
1990-04-03 23.4 50 0
1990-05-15 25.2 40 0
1990-05-16 27.0 38 0
1990-05-17 28.5 35 0
1990-06-01 30.1 33 0
1990-06-02 31.4 30 0.3
1990-06-03 32.0 28 0
1990-07-10 35.1 22 0
1990-07-11 36.7 20 0
1990-07-12 37.3 18 0
1990-08-01 34.8 25 0
1990-08-02 33.7 27 0
1990-08-03 32.9 29 0.2
1990-09-10 29.3 40 1.5
1990-09-11 27.8 42 0
1990-09-12 26.1 45 0
1990-10-01 22.0 55 0
1990-10-02 20.4 58 0.7
1990-10-03 19.2 60 0
1990-11-10 15.1 70 4.3
1990-11-11 14.8 68 1.9
1990-11-12 13.4 72 0
1990-12-01 10.2 80 6.0
1990-12-02 8.9 82 3.1
1990-12-03 7.5 85 0
